function trajektorie = Trajektorie(t)
%Trajektorie
%    TRAJEKTORIE = Trajektorie(T)

%    This function was generated by the Symbolic Math Toolbox version 24.1.
%    06-Jan-2025 22:32:33

t2 = t.^2;
t3 = t.^3;
trajektorie = [t2.*(-3.515337167015802e-2)+t3.*1.171779055671934e-2;t2.*(-2.565192777788319e-2)+t3.*8.550642592627729e-3-5.7e+1./2.5e+2;0.0];
end
