function trajektorie = calc_Trajektorie_kartesisch(t)
%calc_Trajektorie_kartesisch
%    TRAJEKTORIE = calc_Trajektorie_kartesisch(T)

%    This function was generated by the Symbolic Math Toolbox version 24.1.
%    10-Jan-2025 11:51:48

t2 = t.^2;
t3 = t.^3;
t4 = t.*7.030674334031603e-2;
t5 = t.*5.130385555576637e-2;
t6 = t2.*2.565192777788319e-2;
t7 = t2.*3.515337167015802e-2;
trajektorie = [t3.*1.171779055671934e-2-t7;t3.*8.550642592627729e-3-t6-5.7e+1./2.5e+2;0.0;-t4+t7;-t5+t6;0.0;t4-7.030674334031603e-2;t5-5.130385555576637e-2;0.0];
end
